     0.11170E-02     0.50119E+07     0.32074E+15  5.040173     0.12589E+03     0.45032E+10  0.280000
     0.11576E-02     0.52481E+07     0.58163E+10  5.040173     0.12718E+03     0.45509E+10  0.280000
     0.11938E-02     0.54954E+07     0.68285E+10  5.040173     0.12910E+03     0.46218E+10  0.280000
     0.12312E-02     0.57544E+07     0.69323E+10  5.040173     0.13106E+03     0.46938E+10  0.280000
     0.12697E-02     0.60256E+07     0.70379E+10  5.040173     0.13304E+03     0.47670E+10  0.280000
     0.13094E-02     0.63096E+07     0.71453E+10  5.040173     0.13504E+03     0.48413E+10  0.280000
     0.13504E-02     0.66069E+07     0.72546E+10  5.040173     0.13708E+03     0.49169E+10  0.280000
     0.13927E-02     0.69183E+07     0.73660E+10  5.040173     0.13915E+03     0.49937E+10  0.280000
     0.14363E-02     0.72444E+07     0.74794E+10  5.040173     0.14124E+03     0.50717E+10  0.280000
     0.14812E-02     0.75858E+07     0.75950E+10  5.040173     0.14337E+03     0.51511E+10  0.280000
     0.15276E-02     0.79433E+07     0.77127E+10  5.040173     0.14553E+03     0.52317E+10  0.280000
     0.15754E-02     0.83176E+07     0.78327E+10  5.040173     0.14772E+03     0.53138E+10  0.280000
     0.16247E-02     0.87096E+07     0.79549E+10  5.040173     0.14994E+03     0.53972E+10  0.280000
     0.16755E-02     0.91201E+07     0.80795E+10  5.040173     0.15220E+03     0.54820E+10  0.280000
     0.17279E-02     0.95499E+07     0.82061E+10  5.040173     0.15449E+03     0.55683E+10  0.280000
     0.17819E-02     0.10000E+08     0.83342E+10  5.040173     0.15681E+03     0.56560E+10  0.280000
     0.18375E-02     0.10471E+08     0.84638E+10  5.040173     0.15916E+03     0.57452E+10  0.280000
     0.18950E-02     0.10965E+08     0.85950E+10  5.040173     0.16156E+03     0.58359E+10  0.280000
     0.19542E-02     0.11482E+08     0.87278E+10  5.040173     0.16398E+03     0.59281E+10  0.280000
     0.20152E-02     0.12023E+08     0.88622E+10  5.040173     0.16644E+03     0.60219E+10  0.280000
     0.20782E-02     0.12589E+08     0.89980E+10  5.040173     0.16893E+03     0.61172E+10  0.280000
     0.21431E-02     0.13183E+08     0.91354E+10  5.040173     0.17146E+03     0.62141E+10  0.280000
     0.22101E-02     0.13804E+08     0.92741E+10  5.040173     0.17402E+03     0.63126E+10  0.280000
     0.22792E-02     0.14454E+08     0.94142E+10  5.040173     0.17662E+03     0.64126E+10  0.280000
     0.23505E-02     0.15136E+08     0.95557E+10  5.040173     0.17925E+03     0.65143E+10  0.280000
     0.24241E-02     0.15849E+08     0.96985E+10  5.040173     0.18191E+03     0.66175E+10  0.280000
     0.25000E-02     0.16596E+08     0.98427E+10  5.040173     0.18461E+03     0.67225E+10  0.280000
     0.25783E-02     0.17378E+08     0.99892E+10  5.040173     0.18734E+03     0.68291E+10  0.280000
     0.26590E-02     0.18197E+08     0.10138E+11  5.040173     0.19010E+03     0.69376E+10  0.280000
     0.27424E-02     0.19055E+08     0.10289E+11  5.040173     0.19291E+03     0.70478E+10  0.280000
     0.28284E-02     0.19953E+08     0.10443E+11  5.040173     0.19574E+03     0.71598E+10  0.280000
     0.29171E-02     0.20893E+08     0.10600E+11  5.040173     0.19861E+03     0.72737E+10  0.280000
     0.30086E-02     0.21878E+08     0.10758E+11  5.040173     0.20152E+03     0.73895E+10  0.280000
     0.31030E-02     0.22909E+08     0.10920E+11  5.040173     0.20447E+03     0.75071E+10  0.280000
     0.32004E-02     0.23988E+08     0.11084E+11  5.040173     0.20745E+03     0.76267E+10  0.280000
     0.33009E-02     0.25119E+08     0.11250E+11  5.040173     0.21047E+03     0.77483E+10  0.280000
     0.34046E-02     0.26303E+08     0.11420E+11  5.040173     0.21353E+03     0.78719E+10  0.280000
     0.35115E-02     0.27542E+08     0.11592E+11  5.040173     0.21662E+03     0.79977E+10  0.280000
     0.36219E-02     0.28840E+08     0.11767E+11  5.040173     0.21976E+03     0.81258E+10  0.280000
     0.37356E-02     0.30200E+08     0.11945E+11  5.040173     0.22293E+03     0.82561E+10  0.280000
     0.38530E-02     0.31623E+08     0.12126E+11  5.040173     0.22615E+03     0.83887E+10  0.280000
     0.39741E-02     0.33113E+08     0.12311E+11  5.040173     0.22940E+03     0.85237E+10  0.280000
     0.40989E-02     0.34674E+08     0.12499E+11  5.040173     0.23270E+03     0.86611E+10  0.280000
     0.42277E-02     0.36308E+08     0.12691E+11  5.040173     0.23603E+03     0.88010E+10  0.280000
     0.43605E-02     0.38019E+08     0.12886E+11  5.040173     0.23941E+03     0.89435E+10  0.280000
     0.44974E-02     0.39811E+08     0.13085E+11  5.040173     0.24283E+03     0.90885E+10  0.280000
     0.46386E-02     0.41687E+08     0.13288E+11  5.040173     0.24630E+03     0.92362E+10  0.280000
     0.47842E-02     0.43652E+08     0.13494E+11  5.040173     0.24980E+03     0.93867E+10  0.280000
     0.49343E-02     0.45709E+08     0.13705E+11  5.040173     0.25336E+03     0.95401E+10  0.280000
     0.50891E-02     0.47863E+08     0.13920E+11  5.040173     0.25695E+03     0.96965E+10  0.280000
     0.52486E-02     0.50119E+08     0.14138E+11  5.040173     0.26060E+03     0.98558E+10  0.280000
     0.54131E-02     0.52481E+08     0.14362E+11  5.040173     0.26428E+03     0.10018E+11  0.280000
     0.55826E-02     0.54954E+08     0.14589E+11  5.040173     0.26802E+03     0.10184E+11  0.280000
     0.57574E-02     0.57544E+08     0.14821E+11  5.040173     0.27180E+03     0.10353E+11  0.280000
     0.59375E-02     0.60256E+08     0.15057E+11  5.040173     0.27563E+03     0.10525E+11  0.280000
     0.61231E-02     0.63096E+08     0.15298E+11  5.040173     0.27951E+03     0.10700E+11  0.280000
     0.63144E-02     0.66069E+08     0.15544E+11  5.040173     0.28344E+03     0.10879E+11  0.280000
     0.65115E-02     0.69183E+08     0.15796E+11  5.040173     0.28742E+03     0.11062E+11  0.280000
     0.67146E-02     0.72444E+08     0.16054E+11  5.040173     0.29145E+03     0.11249E+11  0.280000
     0.69239E-02     0.75858E+08     0.16318E+11  5.040173     0.29553E+03     0.11440E+11  0.280000
     0.71394E-02     0.79433E+08     0.16588E+11  5.040173     0.29967E+03     0.11636E+11  0.280000
     0.73614E-02     0.83176E+08     0.16864E+11  5.040173     0.30386E+03     0.11835E+11  0.280000
     0.75900E-02     0.87096E+08     0.17146E+11  5.040173     0.30810E+03     0.12039E+11  0.280000
     0.78254E-02     0.91201E+08     0.17434E+11  5.040173     0.31240E+03     0.12248E+11  0.280000
     0.80679E-02     0.95499E+08     0.17728E+11  5.040173     0.31675E+03     0.12461E+11  0.280000
     0.83175E-02     0.10000E+09     0.18029E+11  5.040173     0.32116E+03     0.12678E+11  0.280000
     0.85746E-02     0.10471E+09     0.18336E+11  5.040173     0.32563E+03     0.12900E+11  0.280000
     0.88392E-02     0.10965E+09     0.18650E+11  5.040173     0.33016E+03     0.13128E+11  0.280000
     0.91116E-02     0.11482E+09     0.18971E+11  5.040173     0.33474E+03     0.13361E+11  0.280000
     0.93919E-02     0.12023E+09     0.19301E+11  5.040173     0.33939E+03     0.13600E+11  0.280000
     0.96804E-02     0.12589E+09     0.19639E+11  5.040173     0.34409E+03     0.13845E+11  0.280000
     0.99773E-02     0.13183E+09     0.19985E+11  5.040173     0.34886E+03     0.14096E+11  0.280000
     0.10283E-01     0.13804E+09     0.20340E+11  5.040173     0.35369E+03     0.14353E+11  0.280000
     0.10597E-01     0.14454E+09     0.20703E+11  5.040173     0.35859E+03     0.14616E+11  0.280000
     0.10920E-01     0.15136E+09     0.21076E+11  5.040173     0.36354E+03     0.14886E+11  0.280000
     0.11253E-01     0.15849E+09     0.21458E+11  5.040173     0.36857E+03     0.15163E+11  0.280000
     0.11594E-01     0.16596E+09     0.21850E+11  5.040173     0.37365E+03     0.15447E+11  0.280000
     0.11946E-01     0.17378E+09     0.22251E+11  5.040173     0.37881E+03     0.15738E+11  0.280000
     0.12307E-01     0.18197E+09     0.22662E+11  5.040173     0.38403E+03     0.16036E+11  0.280000
     0.12679E-01     0.19055E+09     0.23083E+11  5.040173     0.38933E+03     0.16342E+11  0.280000
     0.13061E-01     0.19953E+09     0.23514E+11  5.040173     0.39469E+03     0.16656E+11  0.280000
     0.13453E-01     0.20893E+09     0.23956E+11  5.040173     0.40012E+03     0.16977E+11  0.280000
     0.13857E-01     0.21878E+09     0.24408E+11  5.040173     0.40562E+03     0.17307E+11  0.280000
     0.14271E-01     0.22909E+09     0.24872E+11  5.040173     0.41120E+03     0.17646E+11  0.280000
     0.14697E-01     0.23988E+09     0.25347E+11  5.040173     0.41685E+03     0.17993E+11  0.280000
     0.15135E-01     0.25119E+09     0.25835E+11  5.040173     0.42257E+03     0.18350E+11  0.280000
     0.15584E-01     0.26303E+09     0.26335E+11  5.040173     0.42837E+03     0.18717E+11  0.280000
     0.16046E-01     0.27542E+09     0.26850E+11  5.040173     0.43424E+03     0.19094E+11  0.280000
     0.16520E-01     0.28840E+09     0.27381E+11  5.040173     0.44019E+03     0.19483E+11  0.280000
     0.17007E-01     0.30200E+09     0.27927E+11  5.040173     0.44622E+03     0.19884E+11  0.280000
     0.17506E-01     0.31623E+09     0.28489E+11  5.040173     0.45232E+03     0.20296E+11  0.280000
     0.18019E-01     0.33113E+09     0.29066E+11  5.040173     0.45851E+03     0.20720E+11  0.280000
     0.18545E-01     0.34674E+09     0.29660E+11  5.040173     0.46477E+03     0.21156E+11  0.280000
     0.19085E-01     0.36308E+09     0.30269E+11  5.040173     0.47112E+03     0.21605E+11  0.280000
     0.19639E-01     0.38019E+09     0.30894E+11  5.040173     0.47755E+03     0.22066E+11  0.280000
     0.20207E-01     0.39811E+09     0.31536E+11  5.040173     0.48406E+03     0.22541E+11  0.280000
     0.20790E-01     0.41687E+09     0.32194E+11  5.040173     0.49065E+03     0.23029E+11  0.280000
     0.21388E-01     0.43652E+09     0.32870E+11  5.040173     0.49733E+03     0.23532E+11  0.280000
     0.22001E-01     0.45709E+09     0.33565E+11  5.040173     0.50410E+03     0.24051E+11  0.280000
     0.22629E-01     0.47863E+09     0.34281E+11  5.040173     0.51095E+03     0.24587E+11  0.280000
     0.23273E-01     0.50119E+09     0.35019E+11  5.040173     0.51789E+03     0.25140E+11  0.280000
     0.23933E-01     0.52481E+09     0.35780E+11  5.040173     0.52492E+03     0.25710E+11  0.280000
     0.24610E-01     0.54954E+09     0.36565E+11  5.040173     0.53204E+03     0.26299E+11  0.280000
     0.25303E-01     0.57544E+09     0.37375E+11  5.040173     0.53924E+03     0.26908E+11  0.280000
     0.26012E-01     0.60256E+09     0.38211E+11  5.040173     0.54654E+03     0.27537E+11  0.280000
     0.26739E-01     0.63096E+09     0.39074E+11  5.040173     0.55392E+03     0.28187E+11  0.280000
     0.27483E-01     0.66069E+09     0.39963E+11  5.040173     0.56140E+03     0.28857E+11  0.280000
     0.28245E-01     0.69183E+09     0.40878E+11  5.040173     0.56897E+03     0.29548E+11  0.280000
     0.29025E-01     0.72444E+09     0.41819E+11  5.040173     0.57664E+03     0.30261E+11  0.280000
     0.29823E-01     0.75858E+09     0.42787E+11  5.040173     0.58440E+03     0.30996E+11  0.280000
     0.30639E-01     0.79433E+09     0.43782E+11  5.040173     0.59226E+03     0.31755E+11  0.280000
     0.31475E-01     0.83176E+09     0.44807E+11  5.040173     0.60021E+03     0.32539E+11  0.280000
     0.32329E-01     0.87096E+09     0.45862E+11  5.040173     0.60826E+03     0.33348E+11  0.280000
     0.33204E-01     0.91201E+09     0.46950E+11  5.040173     0.61641E+03     0.34183E+11  0.280000
     0.34098E-01     0.95499E+09     0.48072E+11  5.040173     0.62466E+03     0.35048E+11  0.280000
     0.35012E-01     0.10000E+10     0.49230E+11  5.040173     0.63300E+03     0.35942E+11  0.280000
     0.35947E-01     0.10471E+10     0.50425E+11  5.040173     0.64145E+03     0.36866E+11  0.280000
     0.36902E-01     0.10965E+10     0.51658E+11  5.040173     0.65000E+03     0.37820E+11  0.280000
     0.37878E-01     0.11482E+10     0.52929E+11  5.040173     0.65865E+03     0.38806E+11  0.280000
     0.38876E-01     0.12023E+10     0.54239E+11  5.040173     0.66740E+03     0.39825E+11  0.280000
     0.39895E-01     0.12589E+10     0.55591E+11  5.040173     0.67626E+03     0.40879E+11  0.280000
     0.40936E-01     0.13183E+10     0.56986E+11  5.040173     0.68522E+03     0.41969E+11  0.280000
     0.42000E-01     0.13804E+10     0.58425E+11  5.040173     0.69428E+03     0.43097E+11  0.280000
     0.43085E-01     0.14454E+10     0.59911E+11  5.040173     0.70346E+03     0.44263E+11  0.280000
     0.44194E-01     0.15136E+10     0.61446E+11  5.040173     0.71274E+03     0.45471E+11  0.280000
     0.45326E-01     0.15849E+10     0.63030E+11  5.040173     0.72212E+03     0.46722E+11  0.280000
     0.46481E-01     0.16596E+10     0.64666E+11  5.040173     0.73162E+03     0.48015E+11  0.280000
     0.47660E-01     0.17378E+10     0.66350E+11  5.040173     0.74122E+03     0.49352E+11  0.280000
     0.48863E-01     0.18197E+10     0.68085E+11  5.040173     0.75094E+03     0.50732E+11  0.280000
     0.50090E-01     0.19055E+10     0.69873E+11  5.040173     0.76076E+03     0.52160E+11  0.280000
     0.51342E-01     0.19953E+10     0.71716E+11  5.040173     0.77070E+03     0.53637E+11  0.280000
     0.52619E-01     0.20893E+10     0.73619E+11  5.040173     0.78075E+03     0.55166E+11  0.280000
     0.53922E-01     0.21878E+10     0.75584E+11  5.040173     0.79091E+03     0.56749E+11  0.280000
     0.55251E-01     0.22909E+10     0.77616E+11  5.040173     0.80118E+03     0.58390E+11  0.280000
     0.56605E-01     0.23988E+10     0.79718E+11  5.040173     0.81157E+03     0.60092E+11  0.280000
     0.57985E-01     0.25119E+10     0.81894E+11  5.040173     0.82207E+03     0.61857E+11  0.280000
     0.59392E-01     0.26303E+10     0.84146E+11  5.040173     0.83269E+03     0.63686E+11  0.280000
     0.60826E-01     0.27542E+10     0.86469E+11  5.040173     0.84342E+03     0.65577E+11  0.280000
     0.62287E-01     0.28840E+10     0.88863E+11  5.040173     0.85426E+03     0.67532E+11  0.280000
     0.63775E-01     0.30200E+10     0.91331E+11  5.040173     0.86523E+03     0.69555E+11  0.280000
     0.65291E-01     0.31623E+10     0.93877E+11  5.040173     0.87631E+03     0.71647E+11  0.280000
     0.66835E-01     0.33113E+10     0.96503E+11  5.040173     0.88750E+03     0.73813E+11  0.280000
     0.68408E-01     0.34674E+10     0.99213E+11  5.040173     0.89882E+03     0.76055E+11  0.280000
     0.70010E-01     0.36308E+10     0.10201E+12  5.040173     0.91025E+03     0.78377E+11  0.280000
     0.71641E-01     0.38019E+10     0.10490E+12  5.040173     0.92181E+03     0.80782E+11  0.280000
     0.73302E-01     0.39811E+10     0.10789E+12  5.040173     0.93348E+03     0.83275E+11  0.280000
     0.74993E-01     0.41687E+10     0.11098E+12  5.040173     0.94528E+03     0.85859E+11  0.280000
     0.76714E-01     0.43652E+10     0.11417E+12  5.040173     0.95719E+03     0.88535E+11  0.280000
     0.78465E-01     0.45709E+10     0.11746E+12  5.040173     0.96923E+03     0.91307E+11  0.280000
     0.80247E-01     0.47863E+10     0.12086E+12  5.040173     0.98139E+03     0.94179E+11  0.280000
     0.82061E-01     0.50119E+10     0.12437E+12  5.040173     0.99366E+03     0.97156E+11  0.280000
     0.83906E-01     0.52481E+10     0.12801E+12  5.040173     0.10061E+04     0.10024E+12  0.280000
     0.85784E-01     0.54954E+10     0.13176E+12  5.040173     0.10186E+04     0.10344E+12  0.280000
     0.87693E-01     0.57544E+10     0.13564E+12  5.040173     0.10312E+04     0.10676E+12  0.280000
     0.89635E-01     0.60256E+10     0.13965E+12  5.040173     0.10440E+04     0.11020E+12  0.280000
     0.91610E-01     0.63096E+10     0.14380E+12  5.040173     0.10569E+04     0.11377E+12  0.280000
     0.93618E-01     0.66069E+10     0.14809E+12  5.040173     0.10699E+04     0.11747E+12  0.280000
     0.95659E-01     0.69183E+10     0.15251E+12  5.040173     0.10830E+04     0.12129E+12  0.280000
     0.97735E-01     0.72444E+10     0.15707E+12  5.040173     0.10962E+04     0.12525E+12  0.280000
     0.99846E-01     0.75858E+10     0.16177E+12  5.040173     0.11096E+04     0.12934E+12  0.280000
     0.10199E+00     0.79433E+10     0.16661E+12  5.040173     0.11231E+04     0.13358E+12  0.280000
     0.10417E+00     0.83176E+10     0.17161E+12  5.040173     0.11367E+04     0.13796E+12  0.280000
     0.10639E+00     0.87096E+10     0.17678E+12  5.040173     0.11505E+04     0.14251E+12  0.280000
     0.10864E+00     0.91201E+10     0.18212E+12  5.040173     0.11643E+04     0.14722E+12  0.280000
     0.11093E+00     0.95499E+10     0.18764E+12  5.040173     0.11783E+04     0.15211E+12  0.280000
     0.11326E+00     0.10000E+11     0.19335E+12  5.040173     0.11924E+04     0.15717E+12  0.280000
     0.11563E+00     0.10471E+11     0.19926E+12  5.040173     0.12067E+04     0.16242E+12  0.280000
     0.11803E+00     0.10965E+11     0.20535E+12  5.040173     0.12210E+04     0.16785E+12  0.280000
     0.12047E+00     0.11482E+11     0.21163E+12  5.040173     0.12355E+04     0.17345E+12  0.280000
     0.12295E+00     0.12023E+11     0.21809E+12  5.040173     0.12501E+04     0.17923E+12  0.280000
     0.12547E+00     0.12589E+11     0.22475E+12  5.040173     0.12648E+04     0.18521E+12  0.280000
     0.12804E+00     0.13183E+11     0.23160E+12  5.040173     0.12797E+04     0.19138E+12  0.280000
     0.13064E+00     0.13804E+11     0.23866E+12  5.040173     0.12947E+04     0.19776E+12  0.280000
     0.13329E+00     0.14454E+11     0.24592E+12  5.040173     0.13098E+04     0.20435E+12  0.280000
     0.13597E+00     0.15136E+11     0.25341E+12  5.040173     0.13250E+04     0.21115E+12  0.280000
     0.13871E+00     0.15849E+11     0.26113E+12  5.040173     0.13404E+04     0.21818E+12  0.280000
     0.14148E+00     0.16596E+11     0.26909E+12  5.040173     0.13559E+04     0.22545E+12  0.280000
     0.14430E+00     0.17378E+11     0.27730E+12  5.040173     0.13715E+04     0.23297E+12  0.280000
     0.14717E+00     0.18197E+11     0.28578E+12  5.040173     0.13872E+04     0.24075E+12  0.280000
     0.15008E+00     0.19055E+11     0.29454E+12  5.040173     0.14031E+04     0.24880E+12  0.280000
     0.15304E+00     0.19953E+11     0.30358E+12  5.040173     0.14191E+04     0.25713E+12  0.280000
     0.15604E+00     0.20893E+11     0.31291E+12  5.040173     0.14353E+04     0.26574E+12  0.280000
     0.15910E+00     0.21878E+11     0.32254E+12  5.040173     0.14516E+04     0.27465E+12  0.280000
     0.16220E+00     0.22909E+11     0.33248E+12  5.040173     0.14680E+04     0.28386E+12  0.280000
     0.16535E+00     0.23988E+11     0.34273E+12  5.040173     0.14845E+04     0.29339E+12  0.280000
     0.16855E+00     0.25119E+11     0.35330E+12  5.040173     0.15012E+04     0.30324E+12  0.280000
     0.17180E+00     0.26303E+11     0.36422E+12  5.040173     0.15180E+04     0.31342E+12  0.280000
     0.17510E+00     0.27542E+11     0.37548E+12  5.040173     0.15349E+04     0.32395E+12  0.280000
     0.17845E+00     0.28840E+11     0.38710E+12  5.040173     0.15520E+04     0.33484E+12  0.280000
     0.18186E+00     0.30199E+11     0.39911E+12  5.040173     0.15692E+04     0.34610E+12  0.280000
     0.18532E+00     0.31623E+11     0.41149E+12  5.040173     0.15865E+04     0.35774E+12  0.280000
     0.18883E+00     0.33113E+11     0.42428E+12  5.040173     0.16040E+04     0.36979E+12  0.280000
     0.19240E+00     0.34674E+11     0.43748E+12  5.040173     0.16216E+04     0.38224E+12  0.280000
     0.19602E+00     0.36308E+11     0.45111E+12  5.040173     0.16393E+04     0.39512E+12  0.280000
     0.19970E+00     0.38019E+11     0.46518E+12  5.040173     0.16572E+04     0.40844E+12  0.280000
     0.20343E+00     0.39811E+11     0.47969E+12  5.040173     0.16753E+04     0.42221E+12  0.280000
     0.20722E+00     0.41687E+11     0.49467E+12  5.040173     0.16934E+04     0.43643E+12  0.280000
     0.21108E+00     0.43652E+11     0.51009E+12  5.040173     0.17117E+04     0.45112E+12  0.280000
     0.21499E+00     0.45709E+11     0.52596E+12  5.040173     0.17302E+04     0.46628E+12  0.280000
     0.21896E+00     0.47863E+11     0.54231E+12  5.040173     0.17488E+04     0.48192E+12  0.280000
     0.22299E+00     0.50119E+11     0.55915E+12  5.040173     0.17675E+04     0.49807E+12  0.280000
     0.22709E+00     0.52481E+11     0.57648E+12  5.040173     0.17863E+04     0.51472E+12  0.280000
     0.23125E+00     0.54954E+11     0.59433E+12  5.040173     0.18053E+04     0.53190E+12  0.280000
     0.23548E+00     0.57544E+11     0.61272E+12  5.040173     0.18244E+04     0.54963E+12  0.280000
     0.23977E+00     0.60256E+11     0.63165E+12  5.040173     0.18437E+04     0.56790E+12  0.280000
     0.24413E+00     0.63096E+11     0.65115E+12  5.040173     0.18630E+04     0.58675E+12  0.280000
     0.24856E+00     0.66069E+11     0.67124E+12  5.040173     0.18826E+04     0.60618E+12  0.280000
     0.25306E+00     0.69183E+11     0.69191E+12  5.040173     0.19022E+04     0.62618E+12  0.280000
     0.25764E+00     0.72444E+11     0.71317E+12  5.040173     0.19221E+04     0.64677E+12  0.280000
     0.26228E+00     0.75858E+11     0.73503E+12  5.040173     0.19420E+04     0.66796E+12  0.280000
     0.26700E+00     0.79433E+11     0.75751E+12  5.040173     0.19622E+04     0.68976E+12  0.280000
     0.27180E+00     0.83176E+11     0.78060E+12  5.040173     0.19825E+04     0.71218E+12  0.280000
     0.27667E+00     0.87096E+11     0.80433E+12  5.040173     0.20029E+04     0.73523E+12  0.280000
     0.28162E+00     0.91201E+11     0.82868E+12  5.040173     0.20235E+04     0.75893E+12  0.280000
     0.28666E+00     0.95499E+11     0.85366E+12  5.040173     0.20443E+04     0.78328E+12  0.280000
     0.29178E+00     0.10000E+12     0.87925E+12  5.040173     0.20652E+04     0.80829E+12  0.280000
     0.29698E+00     0.10471E+12     0.90548E+12  5.040173     0.20863E+04     0.83401E+12  0.280000
     0.30227E+00     0.10965E+12     0.93244E+12  5.040173     0.21075E+04     0.86048E+12  0.280000
     0.30766E+00     0.11482E+12     0.96015E+12  5.040173     0.21288E+04     0.88774E+12  0.280000
     0.31313E+00     0.12023E+12     0.98865E+12  5.040173     0.21503E+04     0.91578E+12  0.280000
     0.31870E+00     0.12589E+12     0.10179E+13  5.040173     0.21719E+04     0.94462E+12  0.280000
     0.32436E+00     0.13183E+12     0.10480E+13  5.040173     0.21936E+04     0.97429E+12  0.280000
     0.33012E+00     0.13804E+12     0.10788E+13  5.040173     0.22155E+04     0.10048E+13  0.280000
     0.33597E+00     0.14454E+12     0.11105E+13  5.040173     0.22375E+04     0.10361E+13  0.280000
     0.34193E+00     0.15136E+12     0.11431E+13  5.040173     0.22596E+04     0.10684E+13  0.280000
     0.34800E+00     0.15849E+12     0.11765E+13  5.040173     0.22819E+04     0.11015E+13  0.280000
     0.35417E+00     0.16596E+12     0.12108E+13  5.040173     0.23042E+04     0.11356E+13  0.280000
     0.36044E+00     0.17378E+12     0.12462E+13  5.040173     0.23267E+04     0.11708E+13  0.280000
     0.36683E+00     0.18197E+12     0.12826E+13  5.040173     0.23492E+04     0.12072E+13  0.280000
     0.37332E+00     0.19055E+12     0.13203E+13  5.040173     0.23718E+04     0.12447E+13  0.280000
     0.37993E+00     0.19953E+12     0.13593E+13  5.040173     0.23945E+04     0.12835E+13  0.280000
     0.38665E+00     0.20893E+12     0.13996E+13  5.040173     0.24173E+04     0.13235E+13  0.280000
     0.39348E+00     0.21878E+12     0.14412E+13  5.040173     0.24402E+04     0.13648E+13  0.280000
     0.40043E+00     0.22909E+12     0.14843E+13  5.040173     0.24632E+04     0.14074E+13  0.280000
     0.40749E+00     0.23988E+12     0.15288E+13  5.040173     0.24862E+04     0.14514E+13  0.280000
     0.41467E+00     0.25119E+12     0.15747E+13  5.040173     0.25094E+04     0.14967E+13  0.280000
     0.42197E+00     0.26303E+12     0.16221E+13  5.040173     0.25327E+04     0.15434E+13  0.280000
     0.42938E+00     0.27542E+12     0.16708E+13  5.040173     0.25561E+04     0.15913E+13  0.280000
     0.43693E+00     0.28840E+12     0.17210E+13  5.040173     0.25797E+04     0.16404E+13  0.280000
     0.44459E+00     0.30199E+12     0.17726E+13  5.040173     0.26036E+04     0.16907E+13  0.280000
     0.45239E+00     0.31623E+12     0.18256E+13  5.040173     0.26277E+04     0.17423E+13  0.280000
     0.46032E+00     0.33113E+12     0.18796E+13  5.040173     0.26522E+04     0.17950E+13  0.280000
     0.46839E+00     0.34674E+12     0.19349E+13  5.040173     0.26770E+04     0.18490E+13  0.280000
     0.47659E+00     0.36308E+12     0.19914E+13  5.040173     0.27022E+04     0.19041E+13  0.280000
     0.48494E+00     0.38019E+12     0.20490E+13  5.040173     0.27280E+04     0.19603E+13  0.280000
     0.49344E+00     0.39811E+12     0.21074E+13  5.040173     0.27543E+04     0.20176E+13  0.280000
     0.50210E+00     0.41687E+12     0.21672E+13  5.040173     0.27814E+04     0.20757E+13  0.280000
     0.51093E+00     0.43652E+12     0.22260E+13  5.040173     0.28091E+04     0.21344E+13  0.280000
     0.51993E+00     0.45709E+12     0.22847E+13  5.040173     0.28377E+04     0.21936E+13  0.280000
     0.52913E+00     0.47863E+12     0.23426E+13  5.040173     0.28670E+04     0.22530E+13  0.280000
     0.53853E+00     0.50119E+12     0.23990E+13  5.040173     0.28972E+04     0.23124E+13  0.280000
     0.54816E+00     0.52481E+12     0.24537E+13  5.040173     0.29284E+04     0.23716E+13  0.280000
     0.55802E+00     0.54954E+12     0.25068E+13  5.040173     0.29605E+04     0.24304E+13  0.280000
     0.56815E+00     0.57544E+12     0.25582E+13  5.040173     0.29935E+04     0.24887E+13  0.280000
     0.57855E+00     0.60256E+12     0.26077E+13  5.040173     0.30275E+04     0.25461E+13  0.280000
     0.58924E+00     0.63096E+12     0.26554E+13  5.040173     0.30623E+04     0.26026E+13  0.280000
     0.60025E+00     0.66069E+12     0.27015E+13  5.040173     0.30979E+04     0.26584E+13  0.280000
     0.61159E+00     0.69183E+12     0.27466E+13  5.040173     0.31341E+04     0.27136E+13  0.280000
     0.62327E+00     0.72444E+12     0.27913E+13  5.040173     0.31706E+04     0.27684E+13  0.280000
     0.63530E+00     0.75858E+12     0.28363E+13  5.040173     0.32074E+04     0.28229E+13  0.280000
     0.64771E+00     0.79433E+12     0.28822E+13  5.040173     0.32442E+04     0.28773E+13  0.280000
     0.66049E+00     0.83176E+12     0.29298E+13  5.040173     0.32808E+04     0.29318E+13  0.280000
     0.67364E+00     0.87096E+12     0.29795E+13  5.040173     0.33172E+04     0.29866E+13  0.280000
     0.68718E+00     0.91201E+12     0.30320E+13  5.040173     0.33532E+04     0.30420E+13  0.280000
     0.70110E+00     0.95499E+12     0.30875E+13  5.040173     0.33889E+04     0.30982E+13  0.280000
     0.71540E+00     0.10000E+13     0.31465E+13  5.040173     0.34243E+04     0.31553E+13  0.280000
     0.73009E+00     0.10471E+13     0.32096E+13  5.040173     0.34595E+04     0.32138E+13  0.280000
     0.74515E+00     0.10965E+13     0.32774E+13  5.040173     0.34945E+04     0.32742E+13  0.280000
     0.76058E+00     0.11482E+13     0.33486E+13  5.040173     0.35294E+04     0.33364E+13  0.280000
     0.77639E+00     0.12023E+13     0.34225E+13  5.040173     0.35644E+04     0.34006E+13  0.280000
     0.79258E+00     0.12589E+13     0.34993E+13  5.040173     0.35995E+04     0.34667E+13  0.280000
     0.80916E+00     0.13183E+13     0.35791E+13  5.040173     0.36350E+04     0.35350E+13  0.280000
     0.82612E+00     0.13804E+13     0.36620E+13  5.040173     0.36708E+04     0.36052E+13  0.280000
     0.84348E+00     0.14454E+13     0.37480E+13  5.040173     0.37071E+04     0.36777E+13  0.280000
     0.86123E+00     0.15136E+13     0.38373E+13  5.040173     0.37441E+04     0.37522E+13  0.280000
     0.87938E+00     0.15849E+13     0.39298E+13  5.040173     0.37818E+04     0.38290E+13  0.280000
     0.89794E+00     0.16596E+13     0.40255E+13  5.040173     0.38204E+04     0.39085E+13  0.280000
     0.91690E+00     0.17378E+13     0.41251E+13  5.040173     0.38600E+04     0.39912E+13  0.280000
     0.93627E+00     0.18197E+13     0.42283E+13  5.040173     0.39007E+04     0.40770E+13  0.280000
     0.95606E+00     0.19055E+13     0.43342E+13  5.040173     0.39426E+04     0.41659E+13  0.280000
     0.97627E+00     0.19953E+13     0.44421E+13  5.040173     0.39857E+04     0.42577E+13  0.280000
     0.99694E+00     0.20893E+13     0.45504E+13  5.040173     0.40301E+04     0.43521E+13  0.280000
     0.10181E+01     0.21878E+13     0.46575E+13  5.040173     0.40757E+04     0.44489E+13  0.280000
     0.10397E+01     0.22909E+13     0.47615E+13  5.040173     0.41223E+04     0.45478E+13  0.280000
     0.10619E+01     0.23988E+13     0.48605E+13  5.040173     0.41699E+04     0.46485E+13  0.280000
     0.10848E+01     0.25119E+13     0.49543E+13  5.040173     0.42182E+04     0.47507E+13  0.280000
     0.11082E+01     0.26303E+13     0.50477E+13  5.040173     0.42671E+04     0.48544E+13  0.280000
     0.11323E+01     0.27542E+13     0.51422E+13  5.040173     0.43166E+04     0.49595E+13  0.280000
     0.11571E+01     0.28840E+13     0.52382E+13  5.040173     0.43667E+04     0.50663E+13  0.280000
     0.11826E+01     0.30199E+13     0.53363E+13  5.040173     0.44173E+04     0.51749E+13  0.280000
     0.12087E+01     0.31623E+13     0.54372E+13  5.040173     0.44684E+04     0.52855E+13  0.280000
     0.12356E+01     0.33113E+13     0.55412E+13  5.040173     0.45201E+04     0.53983E+13  0.280000
     0.12633E+01     0.34674E+13     0.56489E+13  5.040173     0.45723E+04     0.55135E+13  0.280000
     0.12916E+01     0.36308E+13     0.57608E+13  5.040173     0.46250E+04     0.56314E+13  0.280000
     0.13208E+01     0.38019E+13     0.58774E+13  5.040173     0.46784E+04     0.57520E+13  0.280000
     0.13506E+01     0.39811E+13     0.59989E+13  5.040173     0.47323E+04     0.58755E+13  0.280000
     0.13812E+01     0.41687E+13     0.61259E+13  5.040173     0.47870E+04     0.60020E+13  0.280000
     0.14126E+01     0.43652E+13     0.62584E+13  5.040173     0.48424E+04     0.61314E+13  0.280000
     0.14448E+01     0.45709E+13     0.63966E+13  5.040173     0.48987E+04     0.62637E+13  0.280000
     0.14777E+01     0.47863E+13     0.65408E+13  5.040173     0.49561E+04     0.63991E+13  0.280000
     0.15114E+01     0.50119E+13     0.66914E+13  5.040173     0.50146E+04     0.65375E+13  0.280000
     0.15459E+01     0.52481E+13     0.68478E+13  5.040173     0.50744E+04     0.66790E+13  0.280000
     0.15812E+01     0.54954E+13     0.70064E+13  5.040173     0.51355E+04     0.68235E+13  0.280000
     0.16174E+01     0.57544E+13     0.71664E+13  5.040173     0.51981E+04     0.69712E+13  0.280000
     0.16544E+01     0.60256E+13     0.73275E+13  5.040173     0.52623E+04     0.71219E+13  0.280000
     0.16923E+01     0.63096E+13     0.74896E+13  5.040173     0.53280E+04     0.72758E+13  0.280000
     0.17312E+01     0.66069E+13     0.76525E+13  5.040173     0.53953E+04     0.74330E+13  0.280000
     0.17710E+01     0.69183E+13     0.78163E+13  5.040173     0.54643E+04     0.75937E+13  0.280000
     0.18119E+01     0.72444E+13     0.79810E+13  5.040173     0.55350E+04     0.77579E+13  0.280000
     0.18538E+01     0.75858E+13     0.81468E+13  5.040173     0.56076E+04     0.79260E+13  0.280000
     0.18968E+01     0.79433E+13     0.83137E+13  5.040173     0.56820E+04     0.80981E+13  0.280000
     0.19409E+01     0.83176E+13     0.84822E+13  5.040173     0.57584E+04     0.82746E+13  0.280000
     0.19862E+01     0.87096E+13     0.86525E+13  5.040173     0.58366E+04     0.84557E+13  0.280000
     0.20327E+01     0.91201E+13     0.88253E+13  5.040173     0.59169E+04     0.86418E+13  0.280000
     0.20805E+01     0.95499E+13     0.90009E+13  5.040173     0.59991E+04     0.88332E+13  0.280000
     0.21295E+01     0.10000E+14     0.91805E+13  5.040173     0.60832E+04     0.90305E+13  0.280000
     0.21798E+01     0.10471E+14     0.93685E+13  5.040173     0.61693E+04     0.92340E+13  0.280000
     0.22314E+01     0.10965E+14     0.95676E+13  5.040173     0.62572E+04     0.94441E+13  0.280000
     0.22842E+01     0.11482E+14     0.97780E+13  5.040173     0.63470E+04     0.96608E+13  0.280000
     0.23383E+01     0.12023E+14     0.99997E+13  5.040173     0.64386E+04     0.98844E+13  0.280000
     0.23937E+01     0.12589E+14     0.10233E+14  5.040173     0.65319E+04     0.10115E+14  0.280000
     0.24503E+01     0.13183E+14     0.10477E+14  5.040173     0.66269E+04     0.10352E+14  0.280000
     0.25082E+01     0.13804E+14     0.10731E+14  5.040173     0.67235E+04     0.10596E+14  0.280000
     0.25674E+01     0.14454E+14     0.10995E+14  5.040173     0.68217E+04     0.10847E+14  0.280000
     0.26279E+01     0.15136E+14     0.11269E+14  5.040173     0.69214E+04     0.11105E+14  0.280000
     0.26896E+01     0.15849E+14     0.11552E+14  5.040173     0.70226E+04     0.11369E+14  0.280000
     0.27527E+01     0.16596E+14     0.11842E+14  5.040173     0.71253E+04     0.11640E+14  0.280000
     0.28171E+01     0.17378E+14     0.12139E+14  5.040173     0.72294E+04     0.11918E+14  0.280000
     0.28829E+01     0.18197E+14     0.12443E+14  5.040173     0.73349E+04     0.12202E+14  0.280000
     0.29502E+01     0.19055E+14     0.12751E+14  5.040173     0.74419E+04     0.12494E+14  0.280000
     0.30189E+01     0.19953E+14     0.13064E+14  5.040173     0.75506E+04     0.12793E+14  0.280000
     0.30892E+01     0.20893E+14     0.13383E+14  5.040173     0.76609E+04     0.13101E+14  0.280000
     0.31610E+01     0.21878E+14     0.13707E+14  5.040173     0.77732E+04     0.13416E+14  0.280000
     0.32345E+01     0.22909E+14     0.14039E+14  5.040173     0.78874E+04     0.13741E+14  0.280000
     0.33096E+01     0.23988E+14     0.14379E+14  5.040173     0.80037E+04     0.14076E+14  0.280000
     0.33863E+01     0.25119E+14     0.14729E+14  5.040173     0.81222E+04     0.14422E+14  0.280000
     0.34648E+01     0.26303E+14     0.15089E+14  5.040173     0.82431E+04     0.14778E+14  0.280000
     0.35449E+01     0.27542E+14     0.15459E+14  5.040173     0.83663E+04     0.15144E+14  0.280000
     0.36269E+01     0.28840E+14     0.15840E+14  5.040173     0.84920E+04     0.15519E+14  0.280000
     0.37106E+01     0.30199E+14     0.16230E+14  5.040173     0.86201E+04     0.15906E+14  0.280000
     0.37962E+01     0.31623E+14     0.16633E+14  5.040173     0.87506E+04     0.16303E+14  0.280000
     0.38836E+01     0.33113E+14     0.17047E+14  5.040173     0.88834E+04     0.16712E+14  0.280000
     0.39730E+01     0.34674E+14     0.17471E+14  5.040173     0.90184E+04     0.17132E+14  0.280000
     0.40642E+01     0.36308E+14     0.17907E+14  5.040173     0.91554E+04     0.17565E+14  0.280000
     0.41574E+01     0.38019E+14     0.18355E+14  5.040173     0.92943E+04     0.18010E+14  0.280000
     0.42527E+01     0.39811E+14     0.18816E+14  5.040173     0.94350E+04     0.18469E+14  0.280000
     0.43499E+01     0.41687E+14     0.19289E+14  5.040173     0.95776E+04     0.18938E+14  0.280000
     0.44493E+01     0.43652E+14     0.19771E+14  5.040173     0.97219E+04     0.19418E+14  0.280000
     0.45508E+01     0.45709E+14     0.20264E+14  5.040173     0.98679E+04     0.19907E+14  0.280000
     0.46546E+01     0.47863E+14     0.20767E+14  5.040173     0.10016E+05     0.20406E+14  0.280000
     0.47605E+01     0.50119E+14     0.21283E+14  5.040173     0.10166E+05     0.20915E+14  0.280000
     0.48689E+01     0.52481E+14     0.21808E+14  5.040173     0.10319E+05     0.21433E+14  0.280000
     0.49796E+01     0.54954E+14     0.22341E+14  5.040173     0.10474E+05     0.21961E+14  0.280000
     0.50927E+01     0.57544E+14     0.22886E+14  5.040173     0.10632E+05     0.22498E+14  0.280000
     0.52084E+01     0.60256E+14     0.23442E+14  5.040173     0.10791E+05     0.23045E+14  0.280000
     0.53267E+01     0.63096E+14     0.24009E+14  5.040173     0.10954E+05     0.23600E+14  0.280000
     0.54476E+01     0.66069E+14     0.24586E+14  5.040173     0.11119E+05     0.24161E+14  0.280000
     0.55713E+01     0.69183E+14     0.25169E+14  5.040173     0.11287E+05     0.24726E+14  0.280000
     0.56979E+01     0.72444E+14     0.25755E+14  5.040173     0.11458E+05     0.25293E+14  0.280000
     0.58276E+01     0.75858E+14     0.26343E+14  5.040173     0.11632E+05     0.25862E+14  0.280000
     0.59603E+01     0.79433E+14     0.26930E+14  5.040173     0.11808E+05     0.26431E+14  0.280000
     0.60964E+01     0.83176E+14     0.27514E+14  5.040173     0.11988E+05     0.27000E+14  0.280000
     0.62359E+01     0.87096E+14     0.28095E+14  5.040173     0.12171E+05     0.27567E+14  0.280000
     0.63791E+01     0.91201E+14     0.28670E+14  5.040173     0.12358E+05     0.28131E+14  0.280000
     0.65261E+01     0.95499E+14     0.29238E+14  5.040173     0.12548E+05     0.28694E+14  0.280000
     0.66771E+01     0.10000E+15     0.29800E+14  5.040173     0.12741E+05     0.29253E+14  0.280000
     0.68324E+01     0.10471E+15     0.30357E+14  5.040173     0.12938E+05     0.29816E+14  0.280000
     0.69920E+01     0.10965E+15     0.30920E+14  5.040173     0.13138E+05     0.30387E+14  0.280000
     0.71561E+01     0.11482E+15     0.31491E+14  5.040173     0.13342E+05     0.30967E+14  0.280000
     0.73248E+01     0.12023E+15     0.32072E+14  5.040173     0.13549E+05     0.31556E+14  0.280000
     0.74982E+01     0.12589E+15     0.32663E+14  5.040173     0.13760E+05     0.32154E+14  0.280000
     0.76766E+01     0.13183E+15     0.33266E+14  5.040173     0.13974E+05     0.32762E+14  0.280000
     0.78600E+01     0.13804E+15     0.33881E+14  5.040173     0.14192E+05     0.33380E+14  0.280000
     0.80485E+01     0.14454E+15     0.34508E+14  5.040173     0.14414E+05     0.34007E+14  0.280000
     0.82423E+01     0.15136E+15     0.35148E+14  5.040173     0.14639E+05     0.34643E+14  0.280000
     0.84416E+01     0.15849E+15     0.35799E+14  5.040173     0.14868E+05     0.35288E+14  0.280000
     0.86464E+01     0.16596E+15     0.36462E+14  5.040173     0.15101E+05     0.35944E+14  0.280000
     0.88570E+01     0.17378E+15     0.37142E+14  5.040173     0.15338E+05     0.36615E+14  0.280000
     0.90734E+01     0.18197E+15     0.37837E+14  5.040173     0.15578E+05     0.37301E+14  0.280000
     0.92959E+01     0.19055E+15     0.38547E+14  5.040173     0.15823E+05     0.38001E+14  0.280000
     0.95246E+01     0.19953E+15     0.39272E+14  5.040173     0.16072E+05     0.38716E+14  0.280000
     0.97596E+01     0.20893E+15     0.40011E+14  5.040173     0.16326E+05     0.39446E+14  0.280000
     0.10001E+02     0.21878E+15     0.40765E+14  5.040173     0.16585E+05     0.40190E+14  0.280000
     0.10249E+02     0.22909E+15     0.41533E+14  5.040173     0.16848E+05     0.40950E+14  0.280000
     0.10505E+02     0.23988E+15     0.42316E+14  5.040173     0.17116E+05     0.41725E+14  0.280000
     0.10767E+02     0.25119E+15     0.43115E+14  5.040173     0.17389E+05     0.42516E+14  0.280000
     0.11036E+02     0.26303E+15     0.43929E+14  5.040173     0.17666E+05     0.43325E+14  0.280000
     0.11313E+02     0.27542E+15     0.44763E+14  5.040173     0.17948E+05     0.44154E+14  0.280000
     0.11598E+02     0.28840E+15     0.45617E+14  5.040173     0.18234E+05     0.45004E+14  0.280000
     0.11890E+02     0.30199E+15     0.46494E+14  5.040173     0.18524E+05     0.45876E+14  0.280000
     0.12190E+02     0.31623E+15     0.47393E+14  5.040173     0.18819E+05     0.46771E+14  0.280000
     0.12499E+02     0.33113E+15     0.48317E+14  5.040173     0.19118E+05     0.47688E+14  0.280000
     0.12816E+02     0.34674E+15     0.49264E+14  5.040173     0.19422E+05     0.48629E+14  0.280000
     0.13141E+02     0.36308E+15     0.50236E+14  5.040173     0.19731E+05     0.49594E+14  0.280000
     0.13475E+02     0.38019E+15     0.51232E+14  5.040173     0.20046E+05     0.50583E+14  0.280000
     0.13818E+02     0.39811E+15     0.52253E+14  5.040173     0.20365E+05     0.51597E+14  0.280000
     0.14170E+02     0.41687E+15     0.53299E+14  5.040173     0.20691E+05     0.52635E+14  0.280000
     0.14531E+02     0.43652E+15     0.54367E+14  5.040173     0.21022E+05     0.53696E+14  0.280000
     0.14902E+02     0.45709E+15     0.55458E+14  5.040173     0.21359E+05     0.54780E+14  0.280000
     0.15283E+02     0.47863E+15     0.56572E+14  5.040173     0.21701E+05     0.55890E+14  0.280000
     0.15674E+02     0.50119E+15     0.57709E+14  5.040173     0.22049E+05     0.57025E+14  0.280000
     0.16075E+02     0.52481E+15     0.58872E+14  5.040173     0.22402E+05     0.58187E+14  0.280000
     0.16487E+02     0.54954E+15     0.60062E+14  5.040173     0.22761E+05     0.59377E+14  0.280000
     0.16909E+02     0.57544E+15     0.61281E+14  5.040173     0.23125E+05     0.60596E+14  0.280000
     0.17343E+02     0.60256E+15     0.62530E+14  5.040173     0.23493E+05     0.61845E+14  0.280000
     0.17788E+02     0.63096E+15     0.63810E+14  5.040173     0.23867E+05     0.63125E+14  0.280000
     0.18245E+02     0.66069E+15     0.65123E+14  5.040173     0.24247E+05     0.64435E+14  0.280000
     0.18713E+02     0.69183E+15     0.66467E+14  5.040173     0.24633E+05     0.65773E+14  0.280000
     0.19194E+02     0.72444E+15     0.67841E+14  5.040173     0.25025E+05     0.67141E+14  0.280000
     0.19687E+02     0.75858E+15     0.69246E+14  5.040173     0.25424E+05     0.68539E+14  0.280000
     0.20193E+02     0.79433E+15     0.70683E+14  5.040173     0.25830E+05     0.69968E+14  0.280000
     0.20712E+02     0.83176E+15     0.72153E+14  5.040173     0.26244E+05     0.71428E+14  0.280000
     0.21244E+02     0.87096E+15     0.73655E+14  5.040173     0.26666E+05     0.72921E+14  0.280000
     0.21790E+02     0.91201E+15     0.75189E+14  5.040173     0.27095E+05     0.74447E+14  0.280000
     0.22350E+02     0.95499E+15     0.76756E+14  5.040173     0.27532E+05     0.76007E+14  0.280000
     0.22924E+02     0.10000E+16     0.78356E+14  5.040173     0.27976E+05     0.77602E+14  0.280000
     0.23513E+02     0.10471E+16     0.79991E+14  5.040173     0.28427E+05     0.79233E+14  0.280000
     0.24118E+02     0.10965E+16     0.81661E+14  5.040173     0.28884E+05     0.80901E+14  0.280000
     0.24737E+02     0.11482E+16     0.83367E+14  5.040173     0.29348E+05     0.82607E+14  0.280000
     0.25373E+02     0.12023E+16     0.85112E+14  5.040173     0.29817E+05     0.84352E+14  0.280000
     0.26025E+02     0.12589E+16     0.86897E+14  5.040173     0.30293E+05     0.86137E+14  0.280000
     0.26694E+02     0.13183E+16     0.88724E+14  5.040173     0.30775E+05     0.87963E+14  0.280000
     0.27380E+02     0.13804E+16     0.90594E+14  5.040173     0.31263E+05     0.89832E+14  0.280000
     0.28083E+02     0.14454E+16     0.92509E+14  5.040173     0.31759E+05     0.91743E+14  0.280000
     0.28804E+02     0.15136E+16     0.94471E+14  5.040173     0.32262E+05     0.93699E+14  0.280000
     0.29543E+02     0.15849E+16     0.96480E+14  5.040173     0.32774E+05     0.95701E+14  0.280000
     0.30301E+02     0.16596E+16     0.98535E+14  5.040173     0.33294E+05     0.97745E+14  0.280000
     0.31079E+02     0.17378E+16     0.10063E+15  5.040173     0.33824E+05     0.99829E+14  0.280000
     0.31876E+02     0.18197E+16     0.10277E+15  5.040173     0.34363E+05     0.10195E+15  0.280000
     0.32693E+02     0.19055E+16     0.10494E+15  5.040173     0.34911E+05     0.10412E+15  0.280000
     0.33531E+02     0.19953E+16     0.10716E+15  5.040173     0.35469E+05     0.10632E+15  0.280000
     0.34390E+02     0.20893E+16     0.10941E+15  5.040173     0.36035E+05     0.10857E+15  0.280000
     0.35272E+02     0.21878E+16     0.11171E+15  5.040173     0.36609E+05     0.11086E+15  0.280000
     0.36176E+02     0.22909E+16     0.11405E+15  5.040173     0.37191E+05     0.11319E+15  0.280000
     0.37103E+02     0.23988E+16     0.11642E+15  5.040173     0.37780E+05     0.11557E+15  0.280000
     0.38054E+02     0.25119E+16     0.11884E+15  5.040173     0.38376E+05     0.11799E+15  0.280000
     0.39030E+02     0.26303E+16     0.12130E+15  5.040173     0.38978E+05     0.12045E+15  0.280000
     0.40031E+02     0.27542E+16     0.12382E+15  5.040173     0.39589E+05     0.12296E+15  0.280000
     0.41059E+02     0.28840E+16     0.12637E+15  5.040173     0.40208E+05     0.12552E+15  0.280000
     0.42112E+02     0.30199E+16     0.12898E+15  5.040173     0.40836E+05     0.12812E+15  0.280000
     0.43194E+02     0.31623E+16     0.13164E+15  5.040173     0.41475E+05     0.13076E+15  0.280000
     0.44303E+02     0.33113E+16     0.13434E+15  5.040173     0.42124E+05     0.13346E+15  0.280000
     0.45441E+02     0.34674E+16     0.13709E+15  5.040173     0.42785E+05     0.13620E+15  0.280000
     0.46609E+02     0.36308E+16     0.13989E+15  5.040173     0.43457E+05     0.13898E+15  0.280000
     0.47808E+02     0.38019E+16     0.14274E+15  5.040173     0.44140E+05     0.14182E+15  0.280000
     0.49038E+02     0.39811E+16     0.14563E+15  5.040173     0.44835E+05     0.14470E+15  0.280000
     0.50301E+02     0.41687E+16     0.14857E+15  5.040173     0.45541E+05     0.14763E+15  0.280000
     0.51598E+02     0.43652E+16     0.15156E+15  5.040173     0.46257E+05     0.15061E+15  0.280000
     0.52928E+02     0.45709E+16     0.15460E+15  5.040173     0.46983E+05     0.15364E+15  0.280000
     0.54294E+02     0.47863E+16     0.15769E+15  5.040173     0.47718E+05     0.15673E+15  0.280000
     0.55697E+02     0.50119E+16     0.16083E+15  5.040173     0.48465E+05     0.15987E+15  0.280000
     0.57137E+02     0.52481E+16     0.16402E+15  5.040173     0.49221E+05     0.16306E+15  0.280000
     0.58616E+02     0.54954E+16     0.16727E+15  5.040173     0.49989E+05     0.16630E+15  0.280000
     0.60134E+02     0.57544E+16     0.17058E+15  5.040173     0.50768E+05     0.16960E+15  0.280000
     0.61693E+02     0.60256E+16     0.17394E+15  5.040173     0.51560E+05     0.17295E+15  0.280000
     0.63294E+02     0.63096E+16     0.17736E+15  5.040173     0.52364E+05     0.17636E+15  0.280000
     0.64939E+02     0.66069E+16     0.18083E+15  5.040173     0.53182E+05     0.17982E+15  0.280000
     0.66627E+02     0.69183E+16     0.18437E+15  5.040173     0.54014E+05     0.18334E+15  0.280000
     0.68362E+02     0.72444E+16     0.18796E+15  5.040173     0.54861E+05     0.18693E+15  0.280000
     0.70144E+02     0.75858E+16     0.19162E+15  5.040173     0.55722E+05     0.19058E+15  0.280000
     0.71974E+02     0.79433E+16     0.19534E+15  5.040173     0.56597E+05     0.19429E+15  0.280000
     0.73854E+02     0.83176E+16     0.19913E+15  5.040173     0.57487E+05     0.19806E+15  0.280000
     0.75785E+02     0.87096E+16     0.20297E+15  5.040173     0.58392E+05     0.20190E+15  0.280000
     0.77769E+02     0.91201E+16     0.20689E+15  5.040173     0.59310E+05     0.20580E+15  0.280000
     0.79808E+02     0.95499E+16     0.21086E+15  5.040173     0.60244E+05     0.20978E+15  0.280000
     0.81902E+02     0.10000E+17     0.21491E+15  5.040173     0.61191E+05     0.21381E+15  0.280000
     0.84054E+02     0.10471E+17     0.21903E+15  5.040173     0.62154E+05     0.21792E+15  0.280000
     0.86265E+02     0.10965E+17     0.22321E+15  5.040173     0.63133E+05     0.22210E+15  0.280000
     0.88536E+02     0.11482E+17     0.22746E+15  5.040173     0.64127E+05     0.22634E+15  0.280000
     0.90871E+02     0.12023E+17     0.23179E+15  5.040173     0.65138E+05     0.23065E+15  0.280000
     0.93270E+02     0.12589E+17     0.23618E+15  5.040173     0.66166E+05     0.23503E+15  0.280000
     0.95735E+02     0.13183E+17     0.24065E+15  5.040173     0.67212E+05     0.23948E+15  0.280000
     0.98269E+02     0.13804E+17     0.24518E+15  5.040173     0.68276E+05     0.24400E+15  0.280000
     0.10087E+03     0.14454E+17     0.24979E+15  5.040173     0.69359E+05     0.24860E+15  0.280000
     0.10355E+03     0.15136E+17     0.25447E+15  5.040173     0.70459E+05     0.25327E+15  0.280000
     0.10630E+03     0.15849E+17     0.25923E+15  5.040173     0.71578E+05     0.25801E+15  0.280000
     0.10913E+03     0.16596E+17     0.26406E+15  5.040173     0.72717E+05     0.26282E+15  0.280000
     0.11204E+03     0.17378E+17     0.26897E+15  5.040173     0.73874E+05     0.26772E+15  0.280000
     0.11503E+03     0.18197E+17     0.27396E+15  5.040173     0.75052E+05     0.27271E+15  0.280000
     0.11810E+03     0.19055E+17     0.27904E+15  5.040173     0.76250E+05     0.27778E+15  0.280000
     0.12126E+03     0.19953E+17     0.28421E+15  5.040173     0.77469E+05     0.28293E+15  0.280000
     0.12451E+03     0.20893E+17     0.28947E+15  5.040173     0.78710E+05     0.28817E+15  0.280000
     0.12785E+03     0.21878E+17     0.29481E+15  5.040173     0.79973E+05     0.29350E+15  0.280000
     0.13128E+03     0.22909E+17     0.30025E+15  5.040173     0.81259E+05     0.29892E+15  0.280000
     0.13481E+03     0.23988E+17     0.30577E+15  5.040173     0.82567E+05     0.30443E+15  0.280000
     0.13845E+03     0.25119E+17     0.31139E+15  5.040173     0.83898E+05     0.31004E+15  0.280000
     0.14218E+03     0.26303E+17     0.31710E+15  5.040173     0.85251E+05     0.31574E+15  0.280000
     0.14602E+03     0.27542E+17     0.32291E+15  5.040173     0.86627E+05     0.32154E+15  0.280000
     0.14997E+03     0.28840E+17     0.32881E+15  5.040173     0.88025E+05     0.32743E+15  0.280000
     0.15402E+03     0.30199E+17     0.33481E+15  5.040173     0.89445E+05     0.33343E+15  0.280000
     0.15820E+03     0.31623E+17     0.34092E+15  5.040173     0.90889E+05     0.33952E+15  0.280000
     0.16249E+03     0.33113E+17     0.34713E+15  5.040173     0.92356E+05     0.34572E+15  0.280000
     0.16691E+03     0.34674E+17     0.35345E+15  5.040173     0.93849E+05     0.35203E+15  0.280000
     0.17145E+03     0.36308E+17     0.35988E+15  5.040173     0.95367E+05     0.35844E+15  0.280000
     0.17612E+03     0.38019E+17     0.36642E+15  5.040173     0.96914E+05     0.36496E+15  0.280000
     0.18092E+03     0.39811E+17     0.37308E+15  5.040173     0.98489E+05     0.37159E+15  0.280000
     0.18586E+03     0.41687E+17     0.37985E+15  5.040173     0.10009E+06     0.37833E+15  0.280000
     0.19094E+03     0.43652E+17     0.38672E+15  5.040173     0.10173E+06     0.38519E+15  0.280000
     0.19617E+03     0.45709E+17     0.39371E+15  5.040173     0.10339E+06     0.39215E+15  0.280000
     0.20154E+03     0.47863E+17     0.40081E+15  5.040173     0.10509E+06     0.39924E+15  0.280000
     0.20707E+03     0.50119E+17     0.40803E+15  5.040173     0.10681E+06     0.40643E+15  0.280000
     0.21276E+03     0.52481E+17     0.41536E+15  5.040173     0.10856E+06     0.41375E+15  0.280000
     0.21861E+03     0.54954E+17     0.42280E+15  5.040173     0.11034E+06     0.42118E+15  0.280000
     0.22462E+03     0.57544E+17     0.43037E+15  5.040173     0.11215E+06     0.42874E+15  0.280000
     0.23081E+03     0.60256E+17     0.43806E+15  5.040173     0.11398E+06     0.43643E+15  0.280000
     0.23718E+03     0.63096E+17     0.44588E+15  5.040173     0.11585E+06     0.44424E+15  0.280000
     0.24374E+03     0.66069E+17     0.45383E+15  5.040173     0.11774E+06     0.45217E+15  0.280000
     0.25048E+03     0.69183E+17     0.46191E+15  5.040173     0.11966E+06     0.46023E+15  0.280000
     0.25741E+03     0.72444E+17     0.47013E+15  5.040173     0.12162E+06     0.46842E+15  0.280000
     0.26455E+03     0.75858E+17     0.47847E+15  5.040173     0.12362E+06     0.47673E+15  0.280000
     0.27189E+03     0.79433E+17     0.48695E+15  5.040173     0.12565E+06     0.48517E+15  0.280000
     0.27944E+03     0.83176E+17     0.49556E+15  5.040173     0.12772E+06     0.49375E+15  0.280000
     0.28722E+03     0.87096E+17     0.50431E+15  5.040173     0.12983E+06     0.50245E+15  0.280000
     0.29521E+03     0.91201E+17     0.51318E+15  5.040173     0.13198E+06     0.51129E+15  0.280000
     0.30345E+03     0.95499E+17     0.52219E+15  5.040173     0.13417E+06     0.52027E+15  0.280000
     0.31192E+03     0.10000E+18     0.53133E+15  5.040173     0.13639E+06     0.52938E+15  0.280000